SceneObjects:
  - name: Pog
    glslProgramName: BasicLit
    dimensions:
      posX: 0.000000
      posY: 0.000000
      posZ: -4.000000
      rotX: 45.000000
      rotY: 45.000000
      rotZ: 0.000000
      scaX: 2.000000
      scaY: 2.000000
      scaZ: 2.000000
    components:
      - cube:
          texture: metal.jpg
          matAmbientX: 0.450000
          matAmbientY: 0.250000
          matAmbientZ: 0.250000
          matDiffuseX: 0.250000
          matDiffuseY: 0.250000
          matDiffuseZ: 0.250000
          matSpecularX: 0.500000
          matSpecularY: 0.500000
          matSpecularZ: 0.500000
          matShininess: 64.000000