Program: GreyfishEngine
SceneObjects:
  - name: Cube
    glslProgramName: BasicLit
    dimensions:
      posX: 0.000000
      posY: 0.000000
      posZ: -1.950000
      rotX: 20.000000
      rotY: 45.000000
      rotZ: 0.000000
      scaX: 1.000000
      scaY: 1.000000
      scaZ: 1.000000
    components:
      - cube:
          texture: devtex1
          matAmbientX: 0.500000
          matAmbientY: 0.500000
          matAmbientZ: 0.500000
          matDiffuseX: 0.500000
          matDiffuseY: 0.500000
          matDiffuseZ: 0.500000
          matSpecularX: 0.500000
          matSpecularY: 0.500000
          matSpecularZ: 0.500000
          matShininess: 64.000000