Program: GreyfishEngine
SceneObjects:
  - name: Cube
    glslProgramName: BasicLit
    dimensions:
      posX: 0.000000
      posY: 0.000000
      posZ: 0.100000
      rotX: 0.000000
      rotY: 0.000000
      rotZ: 0.000000
      scaX: 1.000000
      scaY: 1.000000
      scaZ: 1.000000
    components:
      - cube:
          texture: devtex1
          matAmbientX: 1.000000
          matAmbientY: 0.000000
          matAmbientZ: 0.000000
          matDiffuseX: 0.000000
          matDiffuseY: 0.000000
          matDiffuseZ: 0.000000
          matSpecularX: 0.000000
          matSpecularY: 0.000000
          matSpecularZ: 0.000000
          matShininess: 0.000000